//
// File: C:\Users\student\Desktop\OPENTRACK\Проект 3 листа\Модель сравнения\33
//
// Produced by OpenTrack: Fri Jul 14 17:57:51 2023
// Rolling Resistance/Speed of Train: 3004 
// Resistance Formula: Formula UIC 
//
// Type    : OT_Plot
// Desc.   : OT_Rv
// x-Legend: [km/h]
// y-Legend: [kN]
//
0.0	7.508
1.0	9.221
2.0	10.871
3.0	12.463
4.0	14.003
5.0	15.495
6.0	16.945
7.0	18.357
8.0	19.734
9.0	21.080
10.0	22.398
11.0	23.692
12.0	24.964
13.0	26.216
14.0	27.451
15.0	28.671
16.0	29.878
17.0	31.073
18.0	32.259
19.0	33.438
20.0	34.609
21.0	35.776
22.0	36.939
23.0	38.099
24.0	39.258
25.0	40.416
26.0	41.575
27.0	42.736
28.0	43.899
29.0	45.065
30.0	46.235
31.0	47.410
32.0	48.590
33.0	49.776
34.0	50.969
35.0	52.169
36.0	53.377
37.0	54.593
38.0	55.818
39.0	57.052
40.0	58.296
41.0	59.550
42.0	60.814
43.0	62.089
44.0	63.376
45.0	64.674
46.0	65.984
47.0	67.306
48.0	68.641
49.0	69.988
50.0	71.349
51.0	72.723
52.0	74.110
53.0	75.511
54.0	76.926
55.0	78.356
56.0	79.799
57.0	81.258
58.0	82.731
59.0	84.219
60.0	85.723
61.0	87.242
62.0	88.776
63.0	90.326
64.0	91.892
65.0	93.473
66.0	95.071
67.0	96.685
68.0	98.315
69.0	99.962
70.0	101.626
71.0	103.306
72.0	105.002
73.0	106.716
74.0	108.447
75.0	110.195
76.0	111.960
77.0	113.742
78.0	115.542
79.0	117.359
80.0	119.194
81.0	121.046
82.0	122.916
83.0	124.804
84.0	126.710
85.0	128.634
86.0	130.575
87.0	132.535
88.0	134.513
89.0	136.508
90.0	138.523
